2 0.55 0.81015625 0.13359375 0.3796875
2 0.58203125 0.48515625 0.075 0.1765625
2 0.5734375 0.371875 0.06328125 0.12109375
2 0.521875 0.31328125 0.03671875 0.07265625
2 0.5625 0.2796875 0.03125 0.06640625
2 0.16636029375 0.8651329390625 0.148897059375 0.7618129234375 0.1626838234375 0.7852321265625 0.16636029375 0.7604353203125 0.15625 0.7315057171875 0.133272059375 0.7356385171875 0.13051470625 0.719107315625 0.08823529375 0.6571153046875 0.002757353125 0.6943105109375 0 0.997382559375 0.1608455875 0.8940625437499999 0.16636029375 0.8651329390625
0 0.8640625 0.5515625 0.1203125 0.08671875
0 0.409375 0.41640625 0.03984375 0.04921875
0 0.4265625 0.334375 0.034375 0.04140625
0 0.46171875 0.28515625 0.02265625 0.03046875
0 0.2859375 0.175 0.040625 0.04375
0 0.134375 0.1640625 0.05703125 0.05234375
0 0.3765625 0.16953125 0.03828125 0.03828125
1 0.46953125 0.49453125 0.02421875 0.04921875
1 0.6265625 0.76640625 0.04375 0.103125
1 0.81328125 0.6875 0.0484375 0.07421875
1 0.46015625 0.5984375 0.02734375 0.06484375
1 0.38359375 0.45703125 0.02265625 0.046875
1 0.46796875 0.409375 0.01484375 0.0328125
1 0.45390625 0.36484375 0.0140625 0.0328125
3 0.4828125 0.15390625 0.0359375 0.04296875
3 0.37578125 0.603125 0.08828125 0.18203125
1 0.7953125 0.5484375 0.0421875 0.05234375
