0 0.73359375 0.9375 0.1546875 0.125
0 0.36640625 0.7625 0.0796875 0.103125
0 0.478125 0.7109375 0.078125 0.096875
0 0.45859375 0.65625 0.0734375 0.07890625
0 0.2484375 0.65234375 0.07421875 0.1015625
0 0.25703125 0.590625 0.0515625 0.06640625
0 0.696875 0.571875 0.0609375 0.06796875
0 0.45078125 0.60546875 0.06015625 0.08046875
0 0.6578125 0.51796875 0.04140625 0.053125
0 0.27890625 0.5515625 0.05 0.0609375
0 0.35390625 0.5078125 0.04921875 0.0515625
0 0.48359375 0.5875 0.04453125 0.05859375
0 0.44765625 0.54765625 0.04375 0.0625
0 0.50234375 0.5265625 0.046875 0.0609375
0 0.53359375 0.5046875 0.03984375 0.05390625
0 0.5859375 0.46953125 0.0453125 0.05546875
0 0.64921875 0.47109375 0.04375 0.046875
0 0.65859375 0.41484375 0.04375 0.05390625
0 0.621875 0.44296875 0.03828125 0.05
0 0.72890625 0.4328125 0.03984375 0.040625
0 0.7234375 0.371875 0.03515625 0.0390625
0 0.75390625 0.40703125 0.03515625 0.0390625
0 0.79765625 0.36328125 0.03046875 0.040625
0 0.83984375 0.36328125 0.03515625 0.0375
0 0.77578125 0.384375 0.034375 0.04296875
1 0.1921875 0.58125 0.01953125 0.04609375
1 0.10390625 0.678125 0.0234375 0.05859375
1 0.315625 0.63984375 0.0234375 0.05703125
1 0.346875 0.6328125 0.01953125 0.05703125
1 0.80625 0.61328125 0.02890625 0.04609375
1 0.81953125 0.540625 0.01875 0.05
1 0.90234375 0.546875 0.01953125 0.04453125
1 0.8515625 0.54453125 0.0203125 0.04453125
1 0.95 0.5484375 0.021875 0.04140625
1 0.02421875 0.96015625 0.04609375 0.07890625
1 0.06796875 0.94296875 0.03828125 0.09453125
1 0.16171875 0.90859375 0.04375 0.103125
1 0.140625 0.7953125 0.0359375 0.084375
1 0.14765625 0.71015625 0.0265625 0.06796875
1 0.1125 0.7265625 0.0265625 0.06953125
1 0.19765625 0.75078125 0.034375 0.0734375
1 0.16015625 0.678125 0.0203125 0.0625
1 0.23671875 0.68984375 0.02578125 0.065625
1 0.30703125 0.75859375 0.03125 0.0859375
1 0.25078125 0.8265625 0.040625 0.09140625
1 0.24921875 0.75078125 0.03359375 0.07890625
1 0.4953125 0.92421875 0.040625 0.109375
1 0.32890625 0.9125 0.04296875 0.1
1 0.42578125 0.975 0.04296875 0.05
1 0.38203125 0.58203125 0.02109375 0.046875
1 0.41171875 0.540625 0.015625 0.046875
1 0.35703125 0.60703125 0.0265625 0.046875
