0 0.396875 0.8421875 0.1609375 0.2125
0 0.3296875 0.6734375 0.1328125 0.1578125
0 0.1484375 0.5171875 0.1015625 0.13125
0 0.1953125 0.3859375 0.0765625 0.096875
0 0.26328125 0.421875 0.0765625 0.103125
0 0.41953125 0.4515625 0.1015625 0.1609375
0 0.68515625 0.3859375 0.065625 0.0828125
0 0.30859375 0.34140625 0.0609375 0.075
0 0.3953125 0.346875 0.0625 0.075
0 0.24453125 0.3515625 0.0703125 0.0875
0 0.4109375 0.2953125 0.053125 0.0671875
0 0.37421875 0.22890625 0.0375 0.0453125
2 0.41640625 0.19140625 0.059375 0.0734375
2 0.49375 0.17890625 0.04375 0.06875
0 0.3296875 0.1796875 0.028125 0.040625
0 0.3734375 0.17578125 0.025 0.03125
0 0.53203125 0.2 0.025 0.034375
1 0.04140625 0.696875 0.0578125 0.115625
1 0.1890625 0.775 0.0703125 0.1515625
1 0.05234375 0.54921875 0.046875 0.1
1 0.2546875 0.58828125 0.0390625 0.084375
1 0.3859375 0.56796875 0.0484375 0.1
1 0.30234375 0.5546875 0.04375 0.0890625
1 0.3390625 0.4390625 0.0359375 0.0796875
1 0.3046875 0.465625 0.03125 0.0671875
1 0.80703125 0.71015625 0.065625 0.121875
1 0.8578125 0.6359375 0.0453125 0.08125
1 0.7328125 0.58125 0.0421875 0.08125
1 0.66953125 0.5796875 0.046875 0.0875
1 0.60234375 0.528125 0.05 0.0765625
1 0.63828125 0.48984375 0.0375 0.0625
1 0.68046875 0.46484375 0.034375 0.0625
1 0.521875 0.425 0.0328125 0.05625
1 0.56171875 0.47109375 0.0375 0.059375
1 0.5859375 0.415625 0.0265625 0.05
1 0.54609375 0.4453125 0.03125 0.0578125
1 0.3375 0.30625 0.0265625 0.0421875
1 0.3671875 0.2765625 0.01875 0.0359375
1 0.328125 0.23828125 0.0171875 0.0359375
1 0.509375 0.27109375 0.015625 0.0296875
1 0.6125 0.4046875 0.0265625 0.0421875
1 0.49453125 0.33359375 0.0203125 0.0453125
1 0.528125 0.33984375 0.0234375 0.0421875
1 0.559375 0.3 0.0203125 0.0359375
1 0.58671875 0.28125 0.015625 0.028125
1 0.48359375 0.25390625 0.0140625 0.0296875
1 0.52109375 0.3 0.015625 0.0328125
1 0.5734375 0.3703125 0.0203125 0.046875
1 0.5453125 0.353125 0.0234375 0.0453125
1 0.58828125 0.3234375 0.021875 0.0390625
1 0.57265625 0.32890625 0.01875 0.0375
1 0.4671875 0.23359375 0.015625 0.0328125
1 0.53984375 0.246875 0.015625 0.0265625
1 0.509375 0.234375 0.0140625 0.0265625
