1 0.21171875 0.81015625 0.040625 0.1
1 0.31328125 0.828125 0.040625 0.1
1 0.38828125 0.6703125 0.0359375 0.0765625
1 0.41484375 0.54140625 0.01875 0.04375
1 0.3296875 0.4921875 0.0171875 0.0328125
1 0.48125 0.496875 0.01875 0.0359375
1 0.440625 0.49765625 0.021875 0.0390625
1 0.41015625 0.46015625 0.015625 0.0296875
1 0.45859375 0.4625 0.0140625 0.0296875
1 0.49140625 0.45546875 0.0171875 0.034375
1 0.4390625 0.46328125 0.0140625 0.0296875
1 0.38515625 0.434375 0.0125 0.0265625
0 0.59140625 0.7890625 0.11875 0.1546875
0 0.70234375 0.7171875 0.10625 0.125
0 0.52890625 0.7109375 0.0984375 0.128125
