1 0.47265625 0.478125 0.021875 0.05
1 0.5296875 0.56640625 0.0234375 0.071875
1 0.7609375 0.64296875 0.0359375 0.1015625
1 0.86796875 0.6 0.03515625 0.08515625
1 0.53203125 0.49375 0.02421875 0.05
1 0.48125 0.38359375 0.021875 0.03984375
1 0.565625 0.39140625 0.0171875 0.046875
1 0.67890625 0.41953125 0.0203125 0.05
1 0.7671875 0.50859375 0.034375 0.0671875
1 0.74296875 0.44296875 0.021875 0.05859375
1 0.7984375 0.39921875 0.0234375 0.0453125
1 0.62421875 0.34453125 0.01875 0.03515625
1 0.70078125 0.36953125 0.0203125 0.04140625
1 0.584375 0.3609375 0.0171875 0.03828125
0 0.63125 0.54453125 0.0734375 0.11328125
1 0.78359375 0.8515625 0.04765625 0.1421875
0 0.26875 0.3421875 0.05390625 0.05703125
0 0.3828125 0.2796875 0.025 0.03515625
0 0.29921875 0.28984375 0.034375 0.03046875
2 0.6328125 0.23046875 0.025 0.046875
0 0.54375 0.26484375 0.02421875 0.03046875
