0 0.503125 0.31953125 0.11875 0.14375
0 0.6625 0.37109375 0.1171875 0.1421875
0 0.3484375 0.30859375 0.1421875 0.165625
0 0.45234375 0.34765625 0.1015625 0.128125
0 0.62265625 0.40078125 0.1109375 0.1375
0 0.56640625 0.47578125 0.0890625 0.10625
0 0.5015625 0.40859375 0.109375 0.1296875
0 0.5 0.5453125 0.0734375 0.0859375
1 0.78828125 0.190625 0.0828125 0.134375
1 0.8703125 0.15546875 0.075 0.1328125
1 0.9390625 0.2671875 0.078125 0.1234375
1 0.9015625 0.2234375 0.0796875 0.134375
1 0.8015625 0.30546875 0.075 0.121875
1 0.7265625 0.28359375 0.059375 0.1
1 0.7328125 0.37734375 0.046875 0.0828125
1 0.83828125 0.5453125 0.0609375 0.071875
1 0.36328125 0.19765625 0.109375 0.1125
1 0.41640625 0.26875 0.0546875 0.096875
1 0.4640625 0.109375 0.1078125 0.13125
1 0.81484375 0.3921875 0.046875 0.0859375
2 0.6203125 0.65625 0.0859375 0.115625
0 0.4296875 0.5890625 0.0484375 0.0578125
1 0.7671875 0.39375 0.05 0.0828125
0 0.62890625 0.57578125 0.0625 0.0703125
0 0.5765625 0.54296875 0.0703125 0.0765625
0 0.9515625 0.53984375 0.096875 0.1078125
