0 0.71953125 0.7765625 0.34765625 0.26015625
0 0.55859375 0.59609375 0.26484375 0.1796875
0 0.45390625 0.4328125 0.1875 0.115625
0 0.3515625 0.36484375 0.1421875 0.0875
0 0.51796875 0.29765625 0.1 0.0859375
0 0.075 0.3421875 0.1296875 0.0765625
0 0.3203125 0.32109375 0.13359375 0.06484375
0 0.2546875 0.27265625 0.11796875 0.0703125
0 0.2265625 0.2359375 0.1046875 0.059375
0 0.1984375 0.20859375 0.07578125 0.05234375
0 0.18671875 0.18515625 0.07265625 0.04140625
0 0.0828125 0.22578125 0.09453125 0.09140625
0 0.640625 0.1984375 0.07890625 0.05
0 0.12890625 0.1546875 0.05546875 0.0375
0 0.23515625 0.1453125 0.0578125 0.03671875
0 0.1984375 0.1671875 0.05625 0.03515625
0 0.25859375 0.13828125 0.0484375 0.03671875
0 0.2921875 0.12890625 0.03984375 0.03359375
0 0.03671875 0.16328125 0.0484375 0.0359375
0 0.07421875 0.13125 0.05546875 0.03671875
1 0.38515625 0.246875 0.040625 0.0421875
1 0.04296875 0.27578125 0.03828125 0.04140625
1 0.0125 0.20234375 0.02421875 0.0359375
1 0.31015625 0.1609375 0.02109375 0.0265625
1 0.12109375 0.16875 0.021875 0.02734375
1 0.09140625 0.41640625 0.0609375 0.07109375
1 0.29765625 0.81171875 0.10625 0.14140625
1 0.73671875 0.453125 0.05859375 0.08046875
0 0.746875 0.13671875 0.04609375 0.040625
