0 0.32265625 0.63515625 0.1375 0.1359375
0 0.16640625 0.5078125 0.275 0.240625
0 0.0546875 0.7625 0.109375 0.234375
1 0.165625 0.26875 0.1515625 0.1046875
1 0.3640625 0.153125 0.1109375 0.0734375
1 0.40390625 0.015625 0.1015625 0.03125
1 0.36171875 0.2421875 0.0921875 0.05625
1 0.37578125 0.2828125 0.0953125 0.0703125
0 0.625 0.2546875 0.0734375 0.06875
2 0.66015625 0.32421875 0.11875 0.1453125
0 0.575 0.51875 0.0671875 0.078125
1 0.4703125 0.0703125 0.0796875 0.0546875
1 0.478125 0.37890625 0.065625 0.059375
