0 0.703125 0.47734375 0.2046875 0.18125
0 0.8265625 0.2125 0.2390625 0.20625
0 0.8390625 0.7015625 0.2109375 0.1921875
0 0.5765625 0.56171875 0.1078125 0.109375
0 0.415625 0.49921875 0.065625 0.08125
0 0.45625 0.615625 0.0671875 0.0828125
0 0.34765625 0.22734375 0.0640625 0.0609375
2 0.3265625 0.3015625 0.1171875 0.1375
1 0.521875 0.33125 0.0734375 0.0609375
1 0.540625 0.16796875 0.08125 0.053125
1 0.6578125 0.23359375 0.0984375 0.065625
1 0.8953125 0.5234375 0.1140625 0.075
1 0.84765625 0.58828125 0.115625 0.075
1 0.76171875 0.0625 0.140625 0.0953125
1 0.534375 0.0609375 0.0890625 0.0609375
1 0.41015625 0.03046875 0.0625 0.05
1 0.4515625 0.0828125 0.065625 0.0484375
1 0.56015625 0.2390625 0.0765625 0.053125
1 0.4640625 0.44453125 0.0421875 0.0328125
